0 0.638281 0.921759 0.0828125 0.0731481
0 0.747656 0.177778 0.0651042 0.118519
0 0.265625 0.164352 0.0385417 0.0435185
0 0.834635 0.193981 0.0296875 0.0490741
0 0.58125 0.074537 0.01875 0.025
0 0.773438 0.0319444 0.015625 0.0231481
0 0.261198 0.182407 0.0432292 0.0722222
0 0.79349 0.218056 0.0276042 0.0324074
0 0.414844 0.087963 0.0203125 0.0277778
0 0.165104 0.441204 0.04375 0.106481
0 0.836458 0.304167 0.0270833 0.0527778
0 0.802604 0.0148148 0.015625 0.012963
0 0.24401 0.373611 0.0432292 0.0638889
0 0.759896 0.0384259 0.015625 0.0194444
0 0.164062 0.246759 0.0510417 0.0657407
0 0.255469 0.197685 0.0359375 0.0453704
0 0.280729 0.141204 0.0229167 0.0268519
0 0.314844 0.466204 0.0609375 0.0675926
0 0.909375 0.806944 0.0552083 0.0694444
0 0.84349 0.214352 0.0328125 0.0472222
0 0.476562 0.601389 0.028125 0.0324074
0 0.25625 0.386574 0.05625 0.0805556
0 0.870052 0.616667 0.0494792 0.0277778
0 0.888802 0.363426 0.0286458 0.0490741
0 0.745313 0.0634259 0.0260417 0.0287037
0 0.316406 0.105556 0.0182292 0.0333333
0 0.38099 0.577315 0.0630208 0.0990741
0 0.343229 0.502778 0.0572917 0.101852
0 0.736719 0.893981 0.0796875 0.075
0 0.613802 0.0773148 0.0182292 0.025
0 0.63125 0.0787037 0.01875 0.0259259
0 0.596354 0.075 0.0166667 0.0259259
0 0.224219 0.335185 0.0484375 0.0648148
0 0.649219 0.0796296 0.0182292 0.0259259
0 0.407031 0.609259 0.0609375 0.103704
0 0.139583 0.363426 0.03125 0.0564815
0 0.167969 0.622685 0.0828125 0.184259
0 0.284375 0.418519 0.0510417 0.0851852
